Game 45
8 8
1 2 1 3 3 1 1 3
3 1 3 3 3 1 2 2
2 2 2 2 2 2 1 2
2 1 1 1 2 3 2 2
1 3 3 2 3 1 2 1
3 4 4 3 2 3 1 3
1 2 4 3 2 3 2 1
3 2 1 2 3 1 1 1

Yes. It costs: 93 millisecondes.
(1,4)
(1,6)
(2,7)
(3,1)
(5,6)
(6,2)
(6,4)
(4,2)
(5,1)
(6,2)
(6,1)
(7,6)
(6,4)
(7,2)
(7,3)
####################################

Game 44
8 8
1 1 1 1 2 3 1 2
2 1 3 2 3 1 2 3
1 3 1 1 2 3 1 2
1 1 3 1 2 3 1 2
1 2 3 2 3 1 2 2
2 3 1 3 1 2 3 3
3 1 2 4 3 3 1 1
4 4 4 4 3 3 3 1

Yes. It costs: 4750 millisecondes.
(1,1)
(3,1)
(3,3)
(3,3)
(3,8)
(4,7)
(4,6)
(5,8)
(6,6)
(7,4)
(7,5)
(6,5)
(7,6)
(6,1)
(8,1)
####################################

Game 43
8 8
1 2 1 3 4 4 5 2
3 2 1 3 4 1 2 4
3 3 6 2 3 2 2 2
1 6 6 3 4 3 4 3
1 1 3 3 3 4 3 3
4 4 1 5 1 5 5 5
2 4 5 5 1 2 2 5
2 2 2 4 1 6 6 6

Yes. It costs: 0 millisecondes.
(1,5)
(2,1)
(2,7)
(3,1)
(4,4)
(3,4)
(4,3)
(4,3)
(4,8)
(5,5)
(5,7)
(6,4)
(6,5)
(7,1)
(7,2)
(7,1)
(7,1)
(8,1)
####################################

Game 42
8 8
1 2 3 3 4 2 2 1
5 5 2 3 2 1 5 5
5 3 1 3 4 3 5 2
3 3 5 2 4 4 4 4
2 2 2 4 2 5 3 3
5 5 3 5 4 4 4 3
2 2 3 5 2 3 2 3
6 2 6 5 4 6 2 6

Yes. It costs: 55000 millisecondes.
(1,3)
(2,1)
(3,2)
(3,5)
(5,7)
(6,4)
(6,5)
(5,5)
(5,7)
(7,5)
(6,3)
(4,2)
(6,1)
(6,4)
(7,1)
(7,1)
(8,1)
####################################

Game 41
8 8 
1 2 3 4 3 1 1 5
3 1 1 4 4 4 1 2
3 2 1 4 3 3 3 2
3 2 3 2 1 3 2 3
4 4 4 2 3 4 2 3
4 1 1 3 3 3 4 3
1 3 3 1 1 1 4 4 
5 5 3 4 5 5 5 4

Yes. It costs: 47 millisecondes.
(1,4)
(1,7)
(2,1)
(2,2)
(2,2)
(2,5)
(4,8)
(5,1)
(5,5)
(6,1)
(5,3)
(6,4)
(8,4)
(7,5)
(7,3)
(8,1)
####################################

Game 40
8 8
1 2 3 3 3 2 4 1
3 3 5 4 4 4 4 3
5 5 2 4 3 4 2 5
3 3 2 2 2 4 5 5 
3 3 5 3 3 2 3 5
4 2 5 4 5 3 2 3
3 2 3 5 2 3 2 3
1 4 3 5 5 3 4 1

Yes. It costs: 1790453 millisecondes.
(3,8)
(4,1)
(5,7)
(6,6)
(5,6)
(5,7)
(3,2)
(4,3)
(7,4)
(6,3)
(5,1)
(6,3)
(7,2)
(6,1)
(6,2)
(7,1)
####################################

Game 39
7 8
1 1 2 2 2 2 2 0
1 3 4 4 4 3 5 0
1 2 3 5 2 5 3 1
5 5 5 4 3 3 2 5
5 4 2 2 4 4 4 2
4 3 3 3 5 2 5 5
4 5 5 5 4 4 5 5

Yes. It costs: 14031 millisecondes.
(1,3)
(2,3)
(4,1)
(6,2)
(6,1)
(6,2)
(6,7)
(7,5)
(6,4)
(6,5)
(6,4)
(6,5)
(7,4)
(7,2)
(5,1)
####################################

Game 38
8 8
0 0 1 0 0 0 0 0
2 3 4 5 6 6 3 0
2 2 3 4 3 4 5 3
4 4 4 3 3 4 4 5
6 5 2 2 4 3 2 5
6 6 5 6 6 2 2 5
3 3 3 5 6 4 2 3
1 1 1 1 1 1 1 1

Yes. It costs: 419156 millisecondes.
(4,1)
(3,5)
(5,1)
(5,1)
(5,3)
(5,7)
(4,8)
(6,6)
(5,6)
(5,5)
(6,2)
(6,2)
(7,3)
####################################

Game 37
8 8
1 2 0 2 0 1 3 0
2 4 1 3 1 2 4 0
3 1 3 1 3 3 1 1
3 3 4 4 3 2 3 3
2 2 3 4 1 1 1 3
4 3 2 4 2 3 2 4
4 3 2 1 2 3 2 4
4 3 3 1 3 3 2 4

Yes. It costs: 0 millisecondes.
(3,1)
(3,5)
(4,1)
(4,2)
(4,3)
(4,5)
(4,8)
(5,1)
(6,1)
(6,1)
(6,3)
(6,6)
(6,5)
(6,7)
(7,2)
(8,1)
####################################

Game 36
6 8
1 2 1 0 0 1 0 0
3 3 3 2 2 3 3 1
1 2 1 3 1 3 1 2
3 3 3 2 1 3 2 2
1 2 1 3 1 2 1 3
2 1 2 1 2 1 3 3

Yes. It costs: 500 millisecondes.
(2,1)
(3,5)
(2,6)
(3,8)
(5,5)
(4,6)
(4,1)
(3,1)
(5,6)
(5,4)
(4,3)
(4,2)
####################################

Game 35
6 7
0 1 1 2 3 3 0
0 1 2 2 1 3 0
1 3 2 2 1 2 2
4 3 4 4 4 1 2
4 2 1 3 3 3 3
4 1 1 2 4 2 3

Yes. It costs: 125 millisecondes.
(1,2)
(1,5)
(4,3)
(5,3)
(2,4)
(5,3)
(5,2)
(3,1)
(5,2)
(4,1)
(5,1)
####################################

Game 34
7 8
1 1 1 2 3 1 2 2
3 4 4 3 4 2 2 1
3 4 2 2 1 1 4 3
2 2 2 1 1 1 2 4
4 3 1 3 4 2 2 2
4 3 2 4 4 1 3 4
4 1 1 2 3 2 3 4

Yes. It costs: 0 millisecondes.
(1,1)
(1,7)
(2,2)
(2,6)
(3,3)
(4,5)
(4,7)
(5,1)
(5,2)
(5,3)
(5,5)
(6,2)
(6,4)
(6,2)
####################################

Game 33
6 7
0 0 1 0 2 1 0
1 2 3 0 3 1 0
2 3 2 1 2 2 4
3 2 4 1 3 3 4
3 1 4 1 3 1 1
3 1 2 1 2 2 4

Yes. It costs: 0 millisecondes.
(3,4)
(3,3)
(3,2)
(3,1)
(3,5)
(4,1)
(5,4)
(4,4)
(5,2)
####################################

Game 32
8 8
1 1 1 2 3 1 1 1
1 1 3 2 2 4 1 1
1 3 1 3 1 2 3 2
3 2 4 2 4 4 1 3
1 1 1 3 3 1 1 2
4 4 4 3 3 4 4 4
2 1 2 4 1 3 2 1
2 1 2 1 4 4 4 2

Yes. It costs: 52594 millisecondes.
(1,1)
(1,6)
(5,1)
(6,6)
(5,4)
(3,4)
(5,3)
(8,5)
(6,7)
(6,6)
(7,5)
(7,8)
(8,5)
(7,3)
(7,2)
(7,1)
(8,1)
####################################

Game 31
5 7
0 1 1 1 0 1 2
0 2 3 3 1 2 1
2 2 1 3 1 2 1
1 3 2 3 1 2 1
1 3 2 2 1 3 1

Yes. It costs: 0 millisecondes.
(1,2)
(2,2)
(2,3)
(2,7)
(4,3)
(2,4)
(4,2)
(3,2)
(4,1)
####################################

Game 30
7 7
0 1 2 3 1 2 0
4 3 4 3 1 4 0
4 3 2 3 1 2 0
1 3 1 1 3 4 4
1 1 4 1 4 2 4
3 1 2 3 4 1 3
3 1 3 3 4 1 3

Yes. It costs: 0 millisecondes.
(1,4)
(1,5)
(2,2)
(5,5)
(6,4)
(4,1)
(4,1)
(6,3)
(4,2)
(4,4)
(6,3)
(6,1)
####################################